0 0 0 4503 -1487 0 0 0 0 -2289 0 -1735 0 0 0 0 -446 0 3386 0 390 0 0 0 0 4403 0 0 0 0 0 0 0 3667 2389 0 0 0 0 0 0 4074 0 0 0 0 0 0 0 0 0 0 -680 0 
0 0 0 0 0 0 0 2454 0 0 -1333 0 0 0 -3809 0 0 1537 0 660 0 -316 0 0 179 0 4552 2765 0 0 0 0 1895 0 3613 0 0 0 452 0 0 0 1177 0 0 0 -4855 0 -3667 0 0 0 3303 0 
0 0 0 0 -1274 0 0 0 0 0 0 0 -2193 0 0 0 0 2397 0 0 -3046 -3434 1088 0 4515 0 -4812 0 0 0 0 899 -3596 0 0 0 0 3821 2008 0 0 0 0 0 0 -1442 0 0 0 -1995 0 0 0 0 
4503 0 0 0 0 0 0 0 0 0 0 0 0 0 3757 0 0 0 0 0 0 0 0 0 0 0 0 0 0 0 -2362 0 0 0 0 0 0 0 0 0 0 0 0 507 0 0 0 0 0 -3890 0 0 0 0 
-1487 0 -1274 0 0 0 0 0 -4293 -1179 0 0 0 237 0 0 0 0 0 -5 0 -5000 0 0 -1837 3233 -473 963 1224 0 0 0 2105 2059 -1502 0 -2590 0 0 0 0 0 0 -2733 0 0 2987 0 0 0 0 0 1124 0 
0 0 0 0 0 0 -385 0 0 30 0 0 0 0 0 1155 917 0 0 0 0 0 0 0 0 0 0 0 -4419 3018 0 2774 -1091 0 -2231 0 0 0 0 0 0 0 0 1656 0 -3076 0 0 0 0 0 0 1290 0 
0 0 0 0 0 -385 0 0 0 0 -1044 2813 1260 0 0 0 0 0 4616 0 0 0 0 0 0 0 0 0 0 0 0 741 -3511 0 -3770 0 0 0 0 0 0 0 -875 -833 0 0 0 0 0 0 0 0 448 0 
0 2454 0 0 0 0 0 0 0 0 0 0 0 0 0 -2259 0 0 0 0 0 0 0 0 0 0 0 0 0 0 2608 0 0 -2057 0 0 0 0 1929 0 0 -2018 0 0 0 -3109 -549 0 0 0 3914 0 0 0 
0 0 0 0 -4293 0 0 0 0 0 0 -1856 0 -637 0 0 0 0 0 0 0 0 0 101 849 0 0 0 0 -2898 0 -4554 0 4761 0 0 0 4465 3803 0 -224 0 0 0 -4350 0 0 0 622 -964 0 0 0 2844 
-2289 0 0 0 -1179 30 0 0 0 0 -4134 0 0 0 0 0 -2171 4447 0 0 0 -4882 0 0 0 -533 0 1754 0 413 0 -1293 -3485 0 574 0 0 0 0 0 -2844 3112 0 0 1506 -1205 0 0 -2426 0 0 0 0 0 
0 -1333 0 0 0 0 -1044 0 0 -4134 0 0 0 0 0 0 4791 0 0 0 0 0 0 0 0 -404 0 0 -4637 0 -3632 0 0 0 0 -3576 0 0 0 0 0 0 0 0 0 0 0 0 0 0 3145 0 0 0 
-1735 0 0 0 0 0 2813 0 -1856 0 0 0 0 1304 0 0 -281 0 0 0 0 0 0 0 0 0 4715 0 -104 -3150 0 0 0 0 0 0 0 0 0 -189 0 2249 3243 0 0 0 0 535 0 0 0 0 -938 0 
0 0 -2193 0 0 0 1260 0 0 0 0 0 0 0 1601 -3842 -269 0 690 0 0 0 3781 4945 0 0 0 -46 0 0 0 0 -4090 0 0 0 -577 362 0 4134 -2459 0 0 0 0 -3907 0 2334 0 0 1326 0 0 0 
0 0 0 0 237 0 0 0 -637 0 0 1304 0 0 0 0 0 0 0 3331 0 0 0 -593 0 0 0 0 0 0 0 0 0 0 -4730 0 0 0 0 0 0 0 -3703 0 0 0 0 0 -661 0 0 0 -2869 0 
0 -3809 0 3757 0 0 0 0 0 0 0 0 1601 0 0 0 0 0 0 0 0 3726 0 0 -3964 0 0 0 0 -4496 0 0 0 0 0 0 211 0 0 0 0 4666 0 0 0 0 0 0 0 -2120 0 1580 0 0 
0 0 0 0 0 1155 0 -2259 0 0 0 0 -3842 0 0 0 0 0 0 0 2085 -1527 0 0 3372 0 1448 0 0 0 0 0 0 2965 0 0 0 0 0 0 0 -4183 0 -2343 0 0 0 0 0 0 0 0 -4536 0 
-446 0 0 0 0 917 0 0 0 -2171 4791 -281 -269 0 0 0 0 0 0 1779 0 0 0 0 0 0 0 0 0 0 -1583 0 0 0 0 0 3507 0 0 0 0 0 -2096 -1652 0 0 0 0 -483 0 0 0 0 0 
0 1537 2397 0 0 0 0 0 0 4447 0 0 0 0 0 0 0 0 0 0 3679 0 0 0 0 -3536 0 4640 0 -4039 0 0 0 0 0 0 0 0 0 -808 0 0 0 0 0 0 0 0 0 0 0 0 0 0 
3386 0 0 0 0 0 4616 0 0 0 0 0 690 0 0 0 0 0 0 0 0 0 0 0 0 0 0 0 0 0 0 0 0 0 0 0 0 0 0 0 0 2862 0 0 0 0 0 0 0 0 0 0 0 0 
0 660 0 0 -5 0 0 0 0 0 0 0 0 3331 0 0 1779 0 0 0 0 0 0 0 2936 3267 0 -3290 0 0 0 0 0 4033 0 0 0 -4580 3417 4104 -141 796 0 3985 0 0 292 268 -4231 0 0 0 0 0 
390 0 -3046 0 0 0 0 0 0 0 0 0 0 0 0 2085 0 3679 0 0 0 0 0 -77 4804 -738 1818 0 0 0 0 0 0 0 0 2548 0 0 0 0 -2320 1482 321 0 0 -4774 0 0 -351 0 0 0 0 0 
0 -316 -3434 0 -5000 0 0 0 0 -4882 0 0 0 0 3726 -1527 0 0 0 0 0 0 4901 -4708 0 0 -2677 0 0 -4247 52 0 0 0 0 0 0 3569 129 -1695 0 0 1106 0 0 0 2729 0 0 -1956 0 1932 0 0 
0 0 1088 0 0 0 0 0 0 0 0 0 3781 0 0 0 0 0 0 0 0 4901 0 4160 -33 -1952 0 -3176 0 0 0 0 0 0 0 0 -2393 1407 0 0 0 0 0 0 0 0 0 0 0 1988 0 0 -1767 0 
0 0 0 0 0 0 0 0 101 0 0 0 4945 -593 0 0 0 0 0 0 -77 -4708 4160 0 0 0 0 0 0 -970 0 0 0 1431 0 0 3043 0 4388 0 0 0 0 0 0 0 0 -723 0 0 3873 4836 0 0 
0 179 4515 0 -1837 0 0 0 849 0 0 0 0 0 -3964 3372 0 0 0 2936 4804 0 -33 0 0 0 0 0 0 0 0 0 2707 0 0 0 2676 0 0 0 -3645 0 0 0 0 -2792 -3439 0 1009 0 0 0 0 -2533 
4403 0 0 0 3233 0 0 0 0 -533 -404 0 0 0 0 0 0 -3536 0 3267 -738 0 -1952 0 0 0 0 2257 -4052 0 -4937 0 0 0 0 0 0 -2542 0 0 0 0 -3228 0 2506 -2699 -2606 0 1362 0 0 0 -1243 0 
0 4552 -4812 0 -473 0 0 0 0 0 0 4715 0 0 0 1448 0 0 0 0 1818 -2677 0 0 0 0 0 4288 4691 0 0 0 2587 0 0 0 -4205 0 0 -2955 -884 0 0 0 0 0 2153 1855 0 0 0 4169 0 0 
0 2765 0 0 963 0 0 0 0 1754 0 0 -46 0 0 0 0 4640 0 -3290 0 0 -3176 0 0 2257 4288 0 0 -3388 -4467 0 4195 0 0 0 0 0 0 0 2163 0 0 0 0 0 0 -4119 0 0 0 0 0 2527 
0 0 0 0 1224 -4419 0 0 0 0 -4637 -104 0 0 0 0 0 0 0 0 0 0 0 0 0 -4052 4691 0 0 0 0 0 2647 -1000 555 0 0 0 0 0 0 0 0 0 0 1613 0 0 0 2349 0 0 0 0 
0 0 0 0 0 3018 0 0 -2898 413 0 -3150 0 0 -4496 0 0 -4039 0 0 0 -4247 0 -970 0 0 0 -3388 0 0 4334 -2145 0 -1684 0 0 0 -3989 0 0 3192 0 0 0 0 -4440 0 652 0 -169 0 -1379 -3140 0 
0 0 0 -2362 0 0 0 2608 0 0 -3632 0 0 0 0 0 -1583 0 0 0 0 52 0 0 0 -4937 0 -4467 0 4334 0 0 0 0 0 0 0 0 -1793 0 0 -4366 0 0 0 0 0 0 0 0 0 0 3067 0 
0 0 899 0 0 2774 741 0 -4554 -1293 0 0 0 0 0 0 0 0 0 0 0 0 0 0 0 0 0 0 0 -2145 0 0 0 0 0 0 0 0 0 0 0 -1145 0 0 136 0 0 0 3529 0 0 0 0 0 
0 1895 -3596 0 2105 -1091 -3511 0 0 -3485 0 0 -4090 0 0 0 0 0 0 0 0 0 0 0 2707 0 2587 4195 2647 0 0 0 0 0 0 -2933 0 3584 -1874 0 -1374 2024 0 0 -3931 0 0 0 0 745 0 0 0 3944 
3667 0 0 0 2059 0 0 -2057 4761 0 0 0 0 0 0 2965 0 0 0 4033 0 0 0 1431 0 0 0 0 -1000 -1684 0 0 0 0 0 0 0 0 0 0 1037 0 0 0 0 0 0 0 0 0 0 0 1002 -2497 
2389 3613 0 0 -1502 -2231 -3770 0 0 574 0 0 0 -4730 0 0 0 0 0 0 0 0 0 0 0 0 0 0 555 0 0 0 0 0 0 -4597 0 0 0 4233 0 0 0 -3017 0 0 3493 0 0 4878 0 0 -2986 0 
0 0 0 0 0 0 0 0 0 0 -3576 0 0 0 0 0 0 0 0 0 2548 0 0 0 0 0 0 0 0 0 0 0 -2933 0 -4597 0 4358 0 0 2220 0 -3729 0 0 0 0 0 0 0 -1552 0 -4662 0 0 
0 0 0 0 -2590 0 0 0 0 0 0 0 -577 0 211 0 3507 0 0 0 0 0 -2393 3043 2676 0 -4205 0 0 0 0 0 0 0 0 4358 0 0 -1073 0 0 0 0 0 0 0 0 0 0 0 0 3453 0 -2647 
0 0 3821 0 0 0 0 0 4465 0 0 0 362 0 0 0 0 0 0 -4580 0 3569 1407 0 0 -2542 0 0 0 -3989 0 0 3584 0 0 0 0 0 1814 0 0 0 -3375 2288 0 0 0 3159 -1127 -3260 0 0 0 0 
0 452 2008 0 0 0 0 1929 3803 0 0 0 0 0 0 0 0 0 0 3417 0 129 0 4388 0 0 0 0 0 0 -1793 0 -1874 0 0 0 -1073 1814 0 0 0 0 0 0 0 -1627 -4317 0 0 -4950 0 0 0 0 
0 0 0 0 0 0 0 0 0 0 0 -189 4134 0 0 0 0 -808 0 4104 0 -1695 0 0 0 0 -2955 0 0 0 0 0 0 0 4233 2220 0 0 0 0 0 0 0 0 0 0 0 0 0 4576 -790 0 0 0 
0 0 0 0 0 0 0 0 -224 -2844 0 0 -2459 0 0 0 0 0 0 -141 -2320 0 0 0 -3645 0 -884 2163 0 3192 0 0 -1374 1037 0 0 0 0 0 0 0 0 2902 0 0 0 0 1686 0 0 0 0 0 0 
4074 0 0 0 0 0 0 -2018 0 3112 0 2249 0 0 4666 -4183 0 0 2862 796 1482 0 0 0 0 0 0 0 0 0 -4366 -1145 2024 0 0 -3729 0 0 0 0 0 0 0 4265 3900 0 0 0 0 0 0 -2819 -3332 0 
0 1177 0 0 0 0 -875 0 0 0 0 3243 0 -3703 0 0 -2096 0 0 0 321 1106 0 0 0 -3228 0 0 0 0 0 0 0 0 0 0 0 -3375 0 0 2902 0 0 0 0 0 0 0 0 0 0 -4899 0 -3836 
0 0 0 507 -2733 1656 -833 0 0 0 0 0 0 0 0 -2343 -1652 0 0 3985 0 0 0 0 0 0 0 0 0 0 0 0 0 0 -3017 0 0 2288 0 0 0 4265 0 0 0 0 0 -1420 0 0 -1902 0 0 0 
0 0 0 0 0 0 0 0 -4350 1506 0 0 0 0 0 0 0 0 0 0 0 0 0 0 0 2506 0 0 0 0 0 136 -3931 0 0 0 0 0 0 0 0 3900 0 0 0 0 0 0 0 0 0 0 0 0 
0 0 -1442 0 0 -3076 0 -3109 0 -1205 0 0 -3907 0 0 0 0 0 0 0 -4774 0 0 0 -2792 -2699 0 0 1613 -4440 0 0 0 0 0 0 0 0 -1627 0 0 0 0 0 0 0 0 0 0 1700 0 0 2445 -4748 
0 -4855 0 0 2987 0 0 -549 0 0 0 0 0 0 0 0 0 0 0 292 0 2729 0 0 -3439 -2606 2153 0 0 0 0 0 0 0 3493 0 0 0 -4317 0 0 0 0 0 0 0 0 0 -2754 0 0 4008 0 0 
0 0 0 0 0 0 0 0 0 0 0 535 2334 0 0 0 0 0 0 268 0 0 0 -723 0 0 1855 -4119 0 652 0 0 0 0 0 0 0 3159 0 0 1686 0 0 -1420 0 0 0 0 0 0 0 0 817 0 
0 -3667 0 0 0 0 0 0 622 -2426 0 0 0 -661 0 0 -483 0 0 -4231 -351 0 0 0 1009 1362 0 0 0 0 0 3529 0 0 0 0 0 -1127 0 0 0 0 0 0 0 0 -2754 0 0 0 0 0 0 876 
0 0 -1995 -3890 0 0 0 0 -964 0 0 0 0 0 -2120 0 0 0 0 0 0 -1956 1988 0 0 0 0 0 2349 -169 0 0 745 0 4878 -1552 0 -3260 -4950 4576 0 0 0 0 0 1700 0 0 0 0 0 0 0 0 
0 0 0 0 0 0 0 3914 0 0 3145 0 1326 0 0 0 0 0 0 0 0 0 0 3873 0 0 0 0 0 0 0 0 0 0 0 0 0 0 0 -790 0 0 0 -1902 0 0 0 0 0 0 0 0 0 0 
0 0 0 0 0 0 0 0 0 0 0 0 0 0 1580 0 0 0 0 0 0 1932 0 4836 0 0 4169 0 0 -1379 0 0 0 0 0 -4662 3453 0 0 0 0 -2819 -4899 0 0 0 4008 0 0 0 0 0 0 -3273 
-680 3303 0 0 1124 1290 448 0 0 0 0 -938 0 -2869 0 -4536 0 0 0 0 0 0 -1767 0 0 -1243 0 0 0 -3140 3067 0 0 1002 -2986 0 0 0 0 0 0 -3332 0 0 0 2445 0 817 0 0 0 0 0 0 
0 0 0 0 0 0 0 0 2844 0 0 0 0 0 0 0 0 0 0 0 0 0 0 0 -2533 0 0 2527 0 0 0 0 3944 -2497 0 0 -2647 0 0 0 0 0 -3836 0 0 -4748 0 0 876 0 0 -3273 0 0 